"x"
"padron_50195"
