"x"
"padron_50235"
